87	0	1	0	0	0	0	1	0
KAN0173	0	0	0	0	0	1	0	0
177C01X	0	0	0	0	0	1	1	0
KAN0234	1	0	0	0	0	0	0	0
KAN1020	0	0	0	0	0	1	0	0
KAN1026	0	0	0	0	0	1	0	0
175B02A	1	0	0	0	1	1	1	0
80	0	0	1	1	1	0	1	1
KAN0299	0	0	1	1	0	0	0	0
KAN0300	0	0	1	0	0	0	0	1
KAN0305	0	0	1	1	1	0	0	1
KAN1142	0	0	0	0	0	1	0	0
90	0	0	0	0	0	0	1	0
KAN0392	0	0	0	1	0	0	0	0
SR556	0	0	0	0	1	0	1	0
KAN1175	0	0	0	0	1	1	0	0
94	0	0	0	0	1	0	0	0
KAN0432	0	0	0	0	1	0	1	0
234A16T	0	0	0	0	0	1	0	0
ES24A1	0	0	0	0	1	0	0	0
KAN0562	0	0	0	0	1	1	0	0
291B09C	0	0	0	0	1	1	1	0
KAN1231	0	0	0	0	0	0	1	0
KAN0488	0	0	0	0	1	0	0	0
KAN0508	0	1	0	1	0	0	0	0
KAN0524	0	0	1	0	0	0	1	0
632C01X	1	1	0	1	0	0	0	0
349B03S	0	0	1	1	1	0	1	0
KAN0701	0	0	1	0	0	0	0	0
325B04X	0	0	1	0	0	0	0	0
KAN0731	0	0	0	0	0	1	0	0
SR5118	0	1	1	0	0	0	0	0
SR6357	0	0	1	0	0	0	0	0
KAN0847	0	0	0	0	1	0	0	0
SR5522	0	1	0	0	0	0	0	0
